1 -2.5083 1.7562 -0.7505
2 -2.5083 1.7658 -0.7458
3 -2.5083 1.7605 -0.7595
4 -2.5083 1.7702 -0.7548
5 2.4917 1.7562 -0.7505
6 2.4917 1.7658 -0.7458
7 2.4917 1.7605 -0.7595
8 2.4917 1.7702 -0.7548
9 -3.0083 0.1713 -1.5999
10 -3.0083 3.6412 0.0818
11 -3.0083 0.2585 -1.7798
12 -3.0083 3.7284 -0.0982
13 2.9917 0.1713 -1.5999
14 2.9917 3.6412 0.0818
15 2.9917 0.2585 -1.7798
16 2.9917 3.7284 -0.0982
17 -2.6083 0.5142 -1.3866
18 -2.6083 3.3094 -0.0319
19 -2.6083 0.5360 -1.4316
20 -2.6083 3.3312 -0.0769
21 2.5917 0.5142 -1.3866
22 2.5917 3.3094 -0.0319
23 2.5917 0.5360 -1.4316
24 2.5917 3.3312 -0.0769
25 -0.0083 3.4403 0.2467
26 -0.0083 3.4713 0.2547
27 -0.0024 3.4401 0.2472
28 -0.0024 3.4711 0.2553
29 0.0032 3.4398 0.2489
30 0.0032 3.4708 0.2570
31 0.0084 3.4391 0.2516
32 0.0084 3.4701 0.2597
33 0.0129 3.4383 0.2552
34 0.0129 3.4693 0.2633
35 0.0166 3.4373 0.2597
36 0.0166 3.4683 0.2678
37 0.0194 3.4361 0.2648
38 0.0194 3.4671 0.2728
39 0.0211 3.4348 0.2703
40 0.0211 3.4658 0.2783
41 0.0217 3.4335 0.2760
42 0.0217 3.4645 0.2841
43 0.0211 3.4322 0.2817
44 0.0211 3.4632 0.2898
45 0.0194 3.4309 0.2872
46 0.0194 3.4619 0.2953
47 0.0166 3.4297 0.2923
48 0.0166 3.4607 0.3004
49 0.0129 3.4287 0.2967
50 0.0129 3.4597 0.3048
51 0.0084 3.4278 0.3004
52 0.0084 3.4588 0.3084
53 0.0032 3.4272 0.3031
54 0.0032 3.4582 0.3112
55 -0.0024 3.4268 0.3047
56 -0.0024 3.4578 0.3128
57 -0.0083 3.4267 0.3053
58 -0.0083 3.4577 0.3134
59 -0.0142 3.4268 0.3047
60 -0.0142 3.4578 0.3128
61 -0.0198 3.4272 0.3031
62 -0.0198 3.4582 0.3112
63 -0.0250 3.4278 0.3004
64 -0.0250 3.4588 0.3084
65 -0.0295 3.4287 0.2967
66 -0.0295 3.4597 0.3048
67 -0.0332 3.4297 0.2923
68 -0.0332 3.4607 0.3004
69 -0.0360 3.4309 0.2872
70 -0.0360 3.4619 0.2953
71 -0.0377 3.4322 0.2817
72 -0.0377 3.4632 0.2898
73 -0.0383 3.4335 0.2760
74 -0.0383 3.4645 0.2841
75 -0.0377 3.4348 0.2703
76 -0.0377 3.4658 0.2783
77 -0.0360 3.4361 0.2648
78 -0.0360 3.4671 0.2728
79 -0.0332 3.4373 0.2597
80 -0.0332 3.4683 0.2678
81 -0.0295 3.4383 0.2552
82 -0.0295 3.4693 0.2633
83 -0.0250 3.4391 0.2516
84 -0.0250 3.4701 0.2597
85 -0.0198 3.4398 0.2489
86 -0.0198 3.4708 0.2570
87 -0.0142 3.4401 0.2472
88 -0.0142 3.4711 0.2553
Faces:
1 2 4 3.
3 4 8 7.
7 8 6 5.
5 6 2 1.
3 7 5 1.
8 4 2 6.
25 26 28 27.
27 28 30 29.
29 30 32 31.
31 32 34 33.
33 34 36 35.
35 36 38 37.
37 38 40 39.
39 40 42 41.
41 42 44 43.
43 44 46 45.
45 46 48 47.
47 48 50 49.
49 50 52 51.
51 52 54 53.
53 54 56 55.
55 56 58 57.
57 58 60 59.
59 60 62 61.
61 62 64 63.
63 64 66 65.
65 66 68 67.
67 68 70 69.
69 70 72 71.
71 72 74 73.
73 74 76 75.
75 76 78 77.
77 78 80 79.
79 80 82 81.
81 82 84 83.
83 84 86 85.
28 26 88 86 84 82 80 78 76 74 72 70 68 66 64 62 60 58 56 54 52 50 48 46 44 42 40 38 36 34 32 30.
85 86 88 87.
87 88 26 25.
25 27 29 31 33 35 37 39 41 43 45 47 49 51 53 55 57 59 61 63 65 67 69 71 73 75 77 79 81 83 85 87.
9 10 12 11.
11 12 16 15.
15 16 14 13.
13 14 10 9.
11 15 13 9.
16 12 10 14.
17 18 20 19.
19 20 24 23.
23 24 22 21.
21 22 18 17.
19 23 21 17.
24 20 18 22.
